14
1516.626268355719958 0.098329266855769606459 793.3539423093050118
0 1517.2816196272099205 602.95435954485799357
0 0 1

-0.108787122485401 0.128239660078274 0.00845332039389275

0.0019812443637825501511 -0.1291832408366969942 0.99146489856709896227
-0.99972985995663998793 -0.015332555039767799612 -5.5511151231257802369e-17
0.01520400982696640084 -0.99134831576789894658 -0.1291984328167380125

0.53592462725131 0.525055395552516 -0.119080348772371

1600 1200

./input/00

1518.9109356270801072 -0.9573200904246840226 760.09671884945203146
0 1520.2548494056600248 607.10032610618998206
0 0 1

-0.122925213763457 0.170604783318439 -0.0492347473819132

-0.0010699650451887500729 -0.040845502081523502036 0.99909688667836504816
-0.99959580199538200507 -0.025841777249581098647 -0.002126973832293270212
0.025907077100713299389 -0.99876320333910095783 -0.040804115574368297892

0.545149905964176 -0.536181480184798 -0.396480815164891

1600 1200

./input/01

1523.9707549497900345 0.2112709124725130061 794.12649626605298181
0 1524.814866394199953 601.54534638814902792
0 0 1

-0.137062463199261 0.291486311377375 -0.249526429533741

-0.99972037967468796449 0.027705288110121899237 0.0081650227911684893078
-0.002092253594895789829 0.21252140472804401106 -0.97729492126515205008
-0.02880751744492759947 -0.97690437488348902395 -0.21237480405054198762

0.531104892364351 -0.51405938988557 -0.0926959901128885

1600 1200

./input/02

1526.9027526505499281 0.035826256948402197822 800.21267511044800358
0 1528.5110056732798967 610.39261312203200305
0 0 1

-0.141273940720078 0.324798670357286 -0.333734596482983

-0.99943205005091195758 0.033294798131262397234 -0.0085194794372592305004
0.014948436873319200652 0.19792205976109300547 -0.98012700721713796881
-0.030946233171870601159 -0.9796753862677050062 -0.19830283904963999508

-0.521425280846013 -0.519296155054772 -0.415889296468

1600 1200

./input/03

1508.2370761966399186 0.98442100424930101266 838.50450214266402327
0 1508.8675061560099948 616.66828230655403331
0 0 1

-0.0972148172344546 0.186507928732749 0.126147963155218

0.0078117497568059302004 0.26652784628324399652 -0.96373207419456696776
0.99955238419051395393 -0.02779362675764050078 0.00041554870354965100544
-0.026676486552863299534 -0.96336288519813895181 -0.26664197643642401081

-0.537103830583117 -0.531487027889587 -0.105317913057307

1600 1200

./input/04

1513.6888117767300628 1.0456054195972399601 789.51707050167601665
0 1513.9435305762899588 594.53237702980095492
0 0 1

-0.104068847271525 0.259669679352222 0.000108867194030665

0.0067232814017451096242 0.11590007117030699801 -0.99387149701748700448
1.0005692748057000152 -0.0093524728461250299788 0.0056779538852950199243
-0.0086316508185857992314 -0.99385023335925704036 -0.11595598238023699378

-0.52506960793459 0.513747463264207 -0.42972284166061

1600 1200

./input/05

1506.743724453860068 0.22740597994201600107 780.50795373499602192
0 1506.6013971281900012 589.51245671521303393
0 0 1

-0.0887972978016332 0.160170485642004 0.167926260364693

0.99988418041846705009 0.018388384715910401079 -0.0019160315548127399184
0.0061048304168595003694 -0.2305608672036620066 0.97309536823497699842
0.017450928770720301048 -0.97294076486820302296 -0.23063371666606799493

-0.525064678437485 0.538431187549769 -0.192842294235209

1600 1200

./input/06

1510.6270995844699883 0.90018565313678500228 776.13023665368405091
0 1509.0113850422198993 613.9789300731839603
0 0 1

-0.103963296786107 0.255169838829536 -0.0193121562075862

0.99959195673700595997 0.028360319136258999029 0.014607907887455999149
-0.010161114470830600806 -0.15105758539847199962 0.98857480055581503642
0.030239881399726699363 -0.98822015605822799422 -0.15069257241436098682

0.541073616318514 0.518548719828713 -0.39035049755553

1600 1200

./input/07

2254.723360353730186 0.90965751901010705183 1622.9764094537399615
0 2255.3097213612400083 1252.322285447070044
0 0 1

-0.0867944217045354 0.0849972191495324 0.00645312990534949

0.4304138972543830044 0.024429313595124999003 0.90287207152963799839
-0.90275738573599495496 -0.01976004741726439945 0.43089387891432701094
0.028352626158086601665 -1.00002182027392994 0.013541766007477699235

0.203135378068207 0.107338570884801 0.365583578976347

3296 2472

./input/08

2226.9182922676600356 -0.51362277928735899923 1631.5130186410099213
0 2227.5580205279397887 1250.2561495328000092
0 0 1

-0.0902647861779995 0.0835154124931333 0.00318523569566076

-0.57117056250872799694 0.020231423572595400029 0.82025896751300497733
-0.82045732487258804522 -0.02523715880359669872 -0.57068621819722498145
0.0091576387891356691995 -0.99921152469212404235 0.031021965380346898378

0.199097083012352 -0.127671840739631 0.366556038729886

3296 2472

./input/09

2253.4150149691599836 0.21822750226460299605 1643.9282666738399712
0 2254.474242979779774 1260.9337221486400722
0 0 1

-0.0901763197748564 0.100870596664069 -0.00647220798760808

-0.99615969214711197477 0.012641476925274999429 -0.084839639015613796391
0.084679301988741503826 -0.012719585377821000446 -0.99617234026462397889
-0.013674322720026799508 -0.99968500476637400798 0.011602055386201999207

-0.0260978449077223 -0.226025065771444 0.357786296780046

3296 2472

./input/10

2245.4034739462599646 -0.082929150685897803919 1627.5247167722200174
0 2246.0075636318401848 1265.8136159551600031
0 0 1

-0.0884266474036388 0.0862765169733334 0.00793458204540245

-0.4405383129593479774 0.033658493720615002831 -0.89593694401542600669
0.89617158103981997552 -0.013186738039333800038 -0.44114908399857299948
-0.026690807178315199832 -0.99830011658651496287 -0.024380013778271099334

-0.235396499760221 -0.106450412151539 0.350836893647991

3296 2472

./input/11

2255.4587297213702186 0.58070055254428898373 1639.2433568973499405
0 2255.3663392538201151 1236.0868379249400277
0 0 1

-0.0918897207977531 0.0971904487665487 -0.00200028829259033

0.56473193884715400248 0.031650163849439499897 -0.82418666055658595937
0.82473108066550204764 -0.0093169761557786393708 0.56474718733678097582
0.010199455643633099575 -0.99905906139166500424 -0.031376902666727296554

-0.200075690172729 0.130955146573074 0.353165053581962

3296 2472

./input/12

2256.6212493817702125 1.1775886977752900719 1662.9244054334399152
0 2255.6339963201799037 1274.05418925338995
0 0 1

-0.0913909068302129 0.0969362779210052 -0.00176697434560963

0.99615137054714697484 0.026004964076499499648 0.087282324248538198375
-0.08673095147851500597 -0.021633431413663500864 0.99630404597527799648
0.027788564886989698677 -0.99973384048678504143 -0.019288835446217799524

0.0147479296629674 0.227094888024259 0.348452135310574

3296 2472

./input/13

4
0 1
2 3
4 5
6 7

