200
1
102000000 102003260
3233
102000000 -0.524812132862501 0.8497841332250021 -0.04938777297413688 -0.8511508047887549 -0.5246160933500036 0.017895868395682586 -0.010701995504014735 0.05142841157582571 0.9986193397761831 307223.0856968875 5065592.643888309 14.970680807310982
102000028 -0.5246393397400971 0.8499400079403259 -0.04853396851148903 -0.8512774099297102 -0.5243572564282719 0.01939688053218929 -0.008962953778714002 0.05149223760349581 0.9986331733555351 307223.05759521364 5065592.60086417 14.969454931494056
102000030 -0.5225155316984078 0.8512661910447282 -0.04820156758997195 -0.8525943026448469 -0.522173810255165 0.02043200873996891 -0.007776517953261588 0.05177242381619196 0.998628630623376 307222.99306455627 5065592.502429961 14.967843402152681
102000031 -0.5198232077978481 0.8529186501387951 -0.04809998835936248 -0.8542481310899086 -0.5194199458014547 0.021518606669861436 -0.006630472392944776 0.0522751963078993 0.9986107052734899 307222.94043933466 5065592.421190016 14.96708060013612
102000032 -0.5149085878579435 0.8558989469019254 -0.048022274439197626 -0.8572263432712754 -0.5144592632336938 0.022241017845469006 -0.005669440174832004 0.05261804980441678 0.9985986172045722 307222.87113809923 5065592.310450857 14.966346042314138
102000033 -0.5079835447090261 0.8600204846375635 -0.04814025663229378 -0.8613537172818394 -0.5074896084207549 0.022892598579145825 -0.004742576262947225 0.05309485237496328 0.9985782115696651 307222.7834403132 5065592.166622343 14.965589184788605
102000034 -0.4987414899996567 0.8654208297694175 -0.04799701609615896 -0.8667404544722119 -0.4982406614706198 0.02274264361552031 -0.00423210753947249 0.05294365550783067 0.9985885331843352 307222.6787972615 5065591.988177803 14.965854159297388
102000035 -0.48796820966264104 0.87156453776448 -0.04756346150171778 -0.8728550730086585 -0.48744717466776827 0.022787571864057894 -0.003323835387959013 0.052635619306689495 0.9986082533699163 307222.5581777145 5065591.776174995 14.96574212416282
102000036 -0.47621411370909295 0.8780599832182944 -0.04723117376216348 -0.8793279927484327 -0.47562053972779395 0.02381981020189986 -0.0015488942105942663 0.0528750230234522 0.9985999363443769 307222.41983431054 5065591.529894009 14.965532171842524
102000037 -0.4638676979589645 0.8846698601724037 -0.046754649959018596 -0.8859038161078276 -0.4632858015753735 0.02325284206826536 -0.0010896769424966306 0.05220636514068988 0.9986357233961529 307222.2641057597 5065591.2415271085 14.96480043250705
102000038 -0.45146665506201095 0.8911181367351461 -0.04567631496520187 -0.8922878983566619 -0.4508980634124861 0.022654863873360256 -0.000407201878811117 0.05098433869876809 0.9986993698776818 307222.0915470133 5065590.912029287 14.96543759119304
102000039 -0.4397672309966183 0.8969501182667965 -0.04566473346846825 -0.8981117831503735 -0.4391935034113722 0.02245643621995897 8.66488489798603e-05 0.05088763997695609 0.9987043809804542 307221.9006613856 5065590.544012838 14.966887379354038
102000040 -0.4286665652692971 0.902264096417631 -0.04652393078727853 -0.9034625829546963 -0.4280646526530178 0.02271594924012365 0.0005805351428995117 0.05177019861587568 0.9986588554227218 307221.6929541492 5065590.139437759 14.968119553627295
102000041 -0.41984640028473097 0.9064503431233276 -0.045571653684665606 -0.9075941034498273 -0.419239188405356 0.02261517827307051 0.0013941130003708307 0.05085546535840621 0.9987050505990857 307221.47379462025 5065589.69579376 14.968566716221764
102000042 -0.41433584497384307 0.9089987126705327 -0.045245418918670774 -0.9101240602526631 -0.41382078541537964 0.020653147639165016 5.018982322323173e-05 0.04973628375253627 0.9987623839329698 307221.2360722535 5065589.211654409 14.970916205972237
102000043 -0.4127437033976337 0.9097864150387212 -0.04394672134070805 -0.9108472068440063 -0.4122612639653332 0.01995033879856631 3.3016327302962806e-05 0.04826312510289357 0.9988346558190822 307220.97954044846 5065588.690271028 14.969428579375744
102000044 -0.41260857211117563 0.9098311884597967 -0.04428741047081601 -0.910904271008208 -0.41226564265181964 0.017042562832129744 -0.002752322543178528 0.04737349886503999 0.9988734536095661 307220.70002131996 5065588.128407692 14.971036525133387
102000045 -0.41419193366412704 0.9090965597552817 -0.044592455961551064 -0.9101818395800044 -0.4138928783980676 0.016177271405322467 -0.0037497981719592927 0.04728773892325479 0.9988742707474227 307220.40183771006 5065587.536333246 14.971607874221048
102000046 -0.41793389479865983 0.9073446722569699 -0.04535311792275068 -0.9084668459999775 -0.4176490049822956 0.016040522315432036 -0.004387402110155241 0.047905681961439676 0.9988422279512083 307220.0847765843 5065586.91790226 14.971357596163083
102000047 -0.4226185364757201 0.9051941907553106 -0.04491157590153451 -0.9063026111714402 -0.42226235605580453 0.01760907839811257 -0.0030248323838347226 0.04814540145268159 0.99883575762385 307219.75188567163 5065586.276742762 14.969793400293174
102000048 -0.42774869531261134 0.9028760705043035 -0.04296341430876161 -0.9038967426835756 -0.4273339883730178 0.018876995185441205 -0.0013161399547256675 0.04690910031024947 0.9988982951650796 307219.4016177122 5065585.60207916 14.96595957711546
102000049 -0.4324711990995664 0.9005678918525698 -0.04411501007142192 -0.9016433346892437 -0.4321042243725178 0.018034308688873145 -0.0028211628531406054 0.047575323894255124 0.998863669174384 307219.0247850787 5065584.893423973 14.965439867200585
102000050 -0.4369264594037496 0.8982963046259675 -0.04646523612589051 -0.8994824358320104 -0.4366322200671085 0.016841972241453874 -0.0051591377784788416 0.049153367072860187 0.9987779181593792 307218.62737562053 5065584.159666596 14.966078616794553
102000051 -0.44171113454721495 0.8960202482991765 -0.045155157566927936 -0.8971371931892308 -0.44147861058167764 0.015540044897612584 -0.006010841335504901 0.04737458218025031 0.9988591085582019 307218.21888657793 5065583.400269638 14.963760354273534
102000052 -0.44638171322371367 0.8936566337029657 -0.0460563474251537 -0.894815243236986 -0.4461792409536328 0.01515801480320348 -0.007003325652601332 0.04797818234077041 0.9988238320390038 307217.7871482293 5065582.616096787 14.961380015112024
102000053 -0.4516955483314859 0.891041252578281 -0.04490676810066248 -0.8921482660702661 -0.45147916300349517 0.015428438724692344 -0.006527094708702028 0.0470324523854742 0.9988720365778951 307217.3387394807 5065581.808080232 14.957610733059674
102000054 -0.45401472073849164 0.8899945948107181 -0.042193062942323084 -0.8909811912572038 -0.4537544809316035 0.016105522667236943 -0.004811463253865906 0.04490536985925423 0.9989796582409274 307217.13161521725 5065581.42916842 14.956953962383237
102000055 -0.45707944791101346 0.8885355211817109 -0.039787006619101076 -0.8894163509726479 -0.4568239677477211 0.01582457309782585 -0.0041149629235878275 0.04262030137826718 0.9990828679296642 307216.8393291033 5065580.902369155 14.955947128277066
102000056 -0.45981563228997885 0.8870582288219356 -0.04119809438623504 -0.8880074789216775 -0.45950017900582224 0.017386859198358622 -0.003507375219901382 0.044578965588128 0.9989997067798164 307216.53122104553 5065580.369329391 14.952846525735618
102000057 -0.4615476566634113 0.8860350273508155 -0.043768606739910926 -0.887111447317813 -0.4611310648906723 0.01978436328238625 -0.0026534253727286093 0.04795905858368958 0.9988457779024533 307216.2122495837 5065579.826614679 14.947997397713412
102000058 -0.46303235877791654 0.8851948163430416 -0.045068523871631586 -0.8863269504261517 -0.462715961995027 0.017845880849514627 -0.005056844157891944 0.048208667627571845 0.9988244854291155 307215.8909614141 5065579.26486479 14.948387318334039
102000059 -0.464173015817226 0.8845954572441151 -0.04510308648214728 -0.8857157051917267 -0.46396670108886323 0.015575296383680066 -0.007148493817813496 0.04717814434451843 0.9988609121055565 307215.56436514796 5065578.691181866 14.949294776438892
102000060 -0.4649011682956642 0.8841487400322838 -0.04634554149701847 -0.8853257209965582 -0.4647221225592295 0.015222238533456743 -0.008079075395824614 0.04810773641910309 0.9988094784479066 307215.2277075593 5065578.109037851 14.94574258905643
102000061 -0.46532653973886057 0.8837984030204294 -0.048699016758013164 -0.8850990589316589 -0.46512397563451485 0.01610413512844254 -0.008418271375436229 0.050597135378219735 0.9986836649302759 307214.88212611096 5065577.517844569 14.941593282212366
102000062 -0.46563635837550055 0.8835534392415455 -0.05016075919719398 -0.8849295986475169 -0.46544467866572947 0.01615105381393461 -0.009076739301489788 0.05190925838607485 0.9986105555708193 307214.53022827755 5065576.913974654 14.937006828083684
102000063 -0.46616004904218084 0.8832220146144039 -0.051124178012613174 -0.8846430650693737 -0.4660088220183471 0.015570010460381374 -0.010072541965928765 0.05248476637602905 0.998570925471395 307214.1721934237 5065576.29601704 14.93161144657637
102000064 -0.4665755994782751 0.8830149919153519 -0.05090907604955481 -0.8844229433799004 -0.466432646756165 0.015383213684803505 -0.010162046778185843 0.05220258703138805 0.9985848099748507 307213.8098325876 5065575.665591764 14.926133188657307
102000065 -0.4671852803420344 0.8826781289194717 -0.05115891475544709 -0.8841192922038977 -0.4669327794074644 0.01751732478716162 -0.008425614791423952 0.05341441979503799 0.9985368840325057 307213.43734005163 5065575.027484328 14.921873123746286
102000066 -0.46786982038325037 0.8823693101266383 -0.050221825147892724 -0.8837783103505565 -0.4674771424639134 0.020025469474880507 -0.005807695623946826 0.053754272578228325 0.9985373046867729 307213.0592496018 5065574.377976476 14.916037650180437
102000067 -0.4685565693338958 0.8820532889776342 -0.0493633136832248 -0.883419359973068 -0.4681331417024941 0.02053280459478815 -0.004997575294605771 0.05322928745992142 0.9985698108783803 307212.674811289 5065573.712962532 14.909974234448837
102000068 -0.4688829289871632 0.881900650680943 -0.0489902156858687 -0.883240078601492 -0.4685259405831107 0.019245948995599112 -0.0059801719414000025 0.05229421888928479 0.9986138153532178 307212.2833047244 5065573.035608078 14.906448742683237
102000069 -0.46921786891780703 0.8816973658741593 -0.04944033271328868 -0.8830439165013396 -0.46898441213162567 0.01694292499920464 -0.008248213031131504 0.05160790819363278 0.9986333615465041 307211.884638771 5065572.346841098 14.905133773023914
102000070 -0.4697101958886197 0.8814638433461905 -0.04892672839703148 -0.8827758745492287 -0.4695227757484 0.015972425218544126 -0.008893098004564764 0.05069374642774074 0.9986746501644073 307211.4814945666 5065571.651028414 14.901214889199405
102000071 -0.4703757506717973 0.8811627135081322 -0.04794711151809576 -0.882437617897916 -0.47010326306920686 0.017514924217245827 -0.00710659542924234 0.0505489304997608 0.9986963011480194 307211.0712383621 5065570.948753238 14.896123819133825
102000072 -0.47114318521687476 0.8808176538776629 -0.04673713342886406 -0.882036989679686 -0.4708254142306782 0.01828054023566751 -0.005903207644602525 0.049836632429970704 0.9987399372246735 307210.6550329407 5065570.234829118 14.89255870342669
102000073 -0.471826160075399 0.8805109885376211 -0.04561221034991796 -0.8816723323715102 -0.47152606639883043 0.01780637630252164 -0.005828636125646644 0.048616538039508474 0.9988005102271262 307210.2330192022 5065569.509974293 14.887726752079061
102000074 -0.4721730122323181 0.8803396085140219 -0.04533012465058836 -0.8814707116514519 -0.47198892815587856 0.01535695930020214 -0.007875977408697853 0.04720831896650869 0.9988540151594797 307209.80583827454 5065568.775030602 14.884985604557864
102000075 -0.47267074344869003 0.8800203282182532 -0.04633130917965697 -0.8811688728375907 -0.4726431816037118 0.012240932384862426 -0.011125908043514255 0.04661163809778632 0.9988511247248253 307209.3756020781 5065568.036806559 14.884176582528823
102000076 -0.47320546156167514 0.8797211766026214 -0.04655365275788157 -0.8808728626347178 -0.4732104973284416 0.011611420752281137 -0.011814864447787864 0.04650243708740777 0.9988483029584683 307208.9432512745 5065567.301926342 14.88073186660136
102000077 -0.4739034080593968 0.8793656685951502 -0.04616904510484995 -0.8805041471713492 -0.47388617404239397 0.012014194334924025 -0.011314002109965526 0.04634560332616984 0.9988613909890548 307208.512083868 5065566.56767449 14.87531900784217
102000078 -0.47475642178476873 0.8788513454915751 -0.047187418892871424 -0.8800406801412491 -0.47473946275029977 0.012281848561390262 -0.01160781076047352 0.04735773469250064 0.9988105444448132 307208.0770873572 5065565.833261431 14.870089491816866
102000079 -0.47534159314924973 0.8784488924082917 -0.04876385186774116 -0.8797182517402519 -0.4753277313978084 0.012623205586854515 -0.012089970116097672 0.0488987851675158 0.9987305649832358 307207.63859975204 5065565.098965315 14.86594955960153
102000080 -0.47597922787478064 0.8780418106257053 -0.0498633475095772 -0.8793749129950361 -0.4759418469349216 0.013383599334576727 -0.011980693915645258 0.050218892155332956 0.9986663736423644 307207.20165561495 5065564.36491343 14.86203907929079
102000081 -0.47645134187179894 0.8777380373026437 -0.05069572665092495 -0.8791316748948564 -0.47634446468146996 0.014948216077117257 -0.011028010932468257 0.05169031668917158 0.9986022702434872 307206.76383410965 5065563.632716388 14.85760983531948
102000082 -0.47699703197527593 0.87740347330268 -0.05135149971686241 -0.8788506178512089 -0.4768021423200525 0.016772256304882056 -0.009768469139321279 0.053130613730708064 0.9985397913429752 307206.32636504795 5065562.90177282 14.854161963108696
102000083 -0.4777595778018761 0.8769798712790061 -0.05149845813255621 -0.8784441300825528 -0.47751586390931516 0.017734430874636595 -0.009038591819520044 0.05371131246206905 0.9985155976606084 307205.88967387774 5065562.1706454605 14.850911067884756
102000084 -0.4784143893879893 0.8766281609614047 -0.05140758150256759 -0.8780929138520909 -0.47813910175816887 0.018325774543968772 -0.008515084806524856 0.053907947274193194 0.9985096026335555 307205.45381299773 5065561.439934569 14.84910128684463
102000085 -0.4791177082763141 0.8762667606376545 -0.051017505011950764 -0.8777185651314153 -0.47878727853284614 0.01930964367254135 -0.0075061334722025565 0.054030603519694444 0.9985110674617459 307205.01975764526 5065560.711620993 14.849500965681187
102000086 -0.4798713772135847 0.8758737951747306 -0.050680925971725424 -0.8773120535631198 -0.479506915603187 0.019916790945826175 -0.006857259219193022 0.054020485141583544 0.9985162818808058 307204.5858099123 5065559.985286378 14.848858964182574
102000087 -0.4804272707139999 0.8755394249649197 -0.05118938255532106 -0.8769972880961928 -0.48012602901628615 0.01883488606220001 -0.00808666966190347 0.05394174258540702 0.9985113390345794 307204.15012703044 5065559.259259611 14.847629972311703
102000088 -0.4809758401509041 0.8751264245189003 -0.0530658298709992 -0.8766726703005878 -0.48077552886785146 0.0173181982283086 -0.01035713952639181 0.05485099771748618 0.9984408333548 307203.7144658751 5065558.53368714 14.847595644982452
102000089 -0.4816477071360445 0.8746920065152843 -0.05412374662620474 -0.8762863472991247 -0.48151220135719625 0.01637795717741906 -0.011735576157544888 0.055316305755296474 0.9983999111427433 307203.27866626746 5065557.811746378 14.846497835885407
102000090 -0.4822458171015702 0.8743828179393335 -0.05379274654179286 -0.8759388152841893 -0.4821967807137981 0.014746407961959359 -0.013044683459944768 0.054230548233628884 0.9984432301697027 307202.8482510022 5065557.088001302 14.8429708804549
102000091 -0.4824712582089198 0.8742500646865163 -0.053928743708004434 -0.8757989787932665 -0.48248207596731696 0.013681926579967911 -0.014058227020974246 0.05383187499883326 0.9984510481176013 307202.41335933795 5065556.366090415 14.836324088383712
102000092 -0.482910980730962 0.8739445430129178 -0.05493560254883011 -0.8755378112775871 -0.4829750435612356 0.012986466812615158 -0.015183073230180567 0.05436950464152822 0.9984054443222563 307201.9765246302 5065555.644907334 14.831360657011906
102000093 -0.48346513682277675 0.873694383338411 -0.05403319350036197 -0.8752401332221595 -0.4835119147228966 0.013074307563116512 -0.01470274376401898 0.05361299137254071 0.9984535424755112 307201.54396229767 5065554.9221252985 14.825900145327166
102000094 -0.4839423632342928 0.8734876693221575 -0.053095014919979526 -0.8750080037088085 -0.48387921974377973 0.014896111763699513 -0.012680004445327776 0.05366742254194759 0.9984783549206113 307201.1065764341 5065554.20149402 14.819009166999392
102000095 -0.4845663726655154 0.8731534219201061 -0.05290115566785067 -0.8746847676347339 -0.4844044819578447 0.016698955863278873 -0.011044806451741732 0.05436358752291343 0.9984601206868917 307200.66658442706 5065553.478739484 14.812501266198574
102000096 -0.4849966749916756 0.8729485631284419 -0.05233575621893494 -0.8744576532731816 -0.4847863611296233 0.017492761207390264 -0.010101380053204236 0.0542493335874948 0.9984763251706741 307200.2267036353 5065552.750496913 14.807153405359047
102000097 -0.485483515697751 0.8726968833239089 -0.052018321988382625 -0.8741897091960088 -0.4852663870865926 0.017575150062590916 -0.009904964490036396 0.05400632741319075 0.998491466301936 307199.7829362328 5065552.017880369 14.804188440597208
102000098 -0.4857931259101178 0.8725570844283789 -0.051470119800946235 -0.8740244821162505 -0.4855484195635077 0.017998247714717933 -0.009286736773319836 0.05372956982172085 0.9985123383548529 307199.3366001605 5065551.281792826 14.800425412102726
102000099 -0.4862072850393973 0.8723494947091951 -0.05107675650655794 -0.8737954157339175 -0.48596252486060526 0.017944243464014475 -0.009167737834845445 0.0533552575827123 0.9985335092380596 307198.888607089 5065550.540801646 14.796721327594073
102000100 -0.48681238528278115 0.8720324128144815 -0.050726448094095045 -0.8734561430350783 -0.48658667977269643 0.017543353786211958 -0.009384440823719246 0.052847649604662914 0.9985584901254855 307198.4361286615 5065549.794524378 14.792622652944383
102000101 -0.48723060048228994 0.8718179642004645 -0.05039622258686349 -0.8732136632757656 -0.48706005076974446 0.01644400233191028 -0.010209810095447362 0.05201869127084477 0.9985939192365851 307197.9799651029 5065549.043962574 14.789000217739774
102000102 -0.4877454920279205 0.871561899825277 -0.0498416470373454 -0.872926953316844 -0.4875803552406587 0.01624596431010877 -0.01014244444963635 0.05143201295250546 0.9986249941115228 307197.45165933797 5065548.176441458 14.785128897052324
102000103 -0.48811110397445073 0.8713953058072069 -0.049170836824350625 -0.8727365994014161 -0.4878822598246411 0.01737033717729787 -0.008853148710747095 0.051391843375825016 0.9986393243770944 307197.11510416423 5065547.626297627 14.781696245699523
102000104 -0.4884511291829526 0.8712814953520147 -0.0477917383765815 -0.8725597710992385 -0.48816560850545504 0.01826977098222711 -0.007412169665003732 0.050625038564487426 0.998690224850129 307196.77851341566 5065547.072986872 14.77916286021921
102000105 -0.4888603562619087 0.8710971381409364 -0.04696091990314895 -0.8723379833318851 -0.48853793607318663 0.01889782669543149 -0.006480348134108856 0.05020419245462759 0.9987179502482366 307196.43931510526 5065546.517270317 14.777422946916413
102000106 -0.48907759830065833 0.8710659476004999 -0.04524619068278424 -0.8722230908979643 -0.4887351548787755 0.019100473554877987 -0.005475631914327088 0.048806386021321715 0.9987932489452842 307196.09974879416 5065545.958211483 14.775367170078985
102000107 -0.4892954866387058 0.8710068997623218 -0.0440103092629497 -0.872102436728965 -0.4889654615027128 0.018711421881841765 -0.005221743616187453 0.04753691222479168 0.9988558331259516 307195.7589373233 5065545.396257901 14.774391918457969
102000108 -0.4895683989364691 0.8708738900789796 -0.04360562281962963 -0.8719582495992086 -0.48914739931912765 0.020582339401006955 -0.0034049550168318565 0.04809874549340554 0.9988367819435237 307195.41478916124 5065544.836045678 14.775448301985685
102000109 -0.4896915389032985 0.8709464571358003 -0.04067512174679498 -0.8718935530986693 -0.48926184302500814 0.020602937284516506 -0.001956729796562768 0.045553460487317066 0.9989599859084113 307195.0720669413 5065544.270280933 14.77619742595273
102000110 -0.48946122244939944 0.8712826921417168 -0.0359747424260661 -0.8720166397468513 -0.48922114320337934 0.015800412886648865 -0.003832978339297074 0.039104263412841046 0.999227784271429 307194.7337562557 5065543.695215166 14.77690803188161
102000111 -0.4892780086906593 0.8714563880994409 -0.03421686502851308 -0.8721252277779795 -0.4889964755326244 0.01673421614174253 -0.0021487868461601 0.038029075157671226 0.9992743227751535 307194.39011104277 5065543.126269161 14.777718983804506
102000112 -0.48792460080676225 0.8720192316709728 -0.03888500383859253 -0.8728802386815756 -0.4875958496221606 0.018176257877748233 -0.003110120055032018 0.04281059480092572 0.99907836535781 307194.03358575207 5065542.557496719 14.780907146187397
102000113 -0.486136867739909 0.8730772749743787 -0.03751023523444427 -0.8738790056517058 -0.4858113225978368 0.017967813359629523 -0.002535607464927772 0.04151422357522333 0.999134695592006 307193.68456580903 5065541.985938085 14.782050377455807
102000114 -0.48598726938149994 0.8733190060614825 -0.03361975090475602 -0.8739656606144154 -0.4855996597640335 0.01941634630571614 0.0006309246563524773 0.03881860493164774 0.9992460747209562 307193.3449947154 5065541.409739081 14.78084487415362
102000115 -0.4848715373106291 0.8739940942045865 -0.032154558021086084 -0.8745843740298396 -0.4845990152705634 0.01630849783498709 -0.001328536360351509 0.03602940041555499 0.9993498472991502 307192.99884725676 5065540.826270301 14.78673238860716
102000116 -0.48414849544284144 0.8743634819247209 -0.032995997286201034 -0.8749851658378202 -0.4838508416631625 0.01700948516597365 -0.001092668382976187 0.037106124808814346 0.9993107332444086 307192.64765046816 5065540.246207533 14.78793173929438
102000117 -0.48392890658983684 0.8744753668610503 -0.03325125741977721 -0.8751035403676775 -0.48368896301359227 0.015452530368596477 -0.00257040905726013 0.03657621921504518 0.9993275605051686 307192.295615939 5065539.6612137845 14.792178258313209
102000118 -0.4837133723535096 0.8745281639572992 -0.03495516917238155 -0.8752189279668393 -0.48348907260088897 0.015170524187007341 -0.0036333916622286085 0.0379316111048191 0.9992737319393628 307191.940007304 5065539.075467974 14.79353026169394
102000119 -0.48297162086315326 0.8749233968842304 -0.03531944259721652 -0.8756232871139175 -0.4827889566171901 0.014095475596910954 -0.004719375449862794 0.03773424112188315 0.9992766656648793 307191.58491777204 5065538.487543132 14.794410156473747
102000120 -0.48287178262426544 0.875000679283617 -0.03476568420832492 -0.8756761606568663 -0.4827145099060467 0.013340299225103519 -0.0051091293303576635 0.03688513493772185 0.9993064513041591 307191.23276205844 5065537.895916469 14.796612097268774
102000121 -0.4827861267678672 0.875099731778908 -0.03343673490286128 -0.8757268021572671 -0.4826233476949025 0.01331436228934494 -0.004485954066592936 0.035709434331119984 0.9993521464007888 307190.8810228765 5065537.303380819 14.798007977266217
102000122 -0.4821111951032193 0.8755378302290151 -0.0316591755106523 -0.8761063992944882 -0.48189844018219175 0.014542024110071824 -0.002524415059567277 0.03474767888419637 0.9993929288026648 307190.5274564004 5065536.711272874 14.798366007043969
102000123 -0.48166426758479824 0.8758309171737311 -0.03032718012973397 -0.8763551317736413 -0.4814189363390698 0.015410734835267025 -0.0011028807751268157 0.03400018024628839 0.9994212182044246 307190.1728328403 5065536.116414148 14.799065297775334
102000124 -0.48143847593332995 0.875996816905182 -0.029095887389491478 -0.87647972855007 -0.4811930615397307 0.015379303196733616 -0.0005285184846063086 0.03290614377301691 0.99945830646916 307189.8170602508 5065535.51848529 14.801231637025436
102000125 -0.4811272399770333 0.8761909862890597 -0.028388985502957202 -0.8766506169691682 -0.48089417316381144 0.014982989844183389 -0.0005241370612700299 0.03209594620663207 0.9994846549684703 307189.4605301674 5065534.917596381 14.805707744123087
102000126 -0.48104692494386925 0.8762466652857697 -0.028029227203334915 -0.8766946988506799 -0.48081955458229897 0.01479732875878743 -0.0005108905591688501 0.03169128439884315 0.9994975745263159 307189.10141982656 5065534.315611343 14.809667403280239
102000127 -0.48105847086869974 0.8762522281925659 -0.027654659517561415 -0.8766884789869608 -0.48082775036403674 0.014899170828912452 -0.00024169608585623663 0.03141189372552135 0.9995064954844362 307188.74098934967 5065533.712619189 14.812486557434688
102000128 -0.48103627929518 0.8762882980410741 -0.026887110631812153 -0.876700525189937 -0.48082865992264123 0.014141744188233713 -0.0005358484282464715 0.03037463601880184 0.9995384406580805 307188.38054072123 5065533.106088137 14.816024969118127
102000129 -0.4810236529858971 0.8763124185154278 -0.026320912289379193 -0.876707048031681 -0.48084070401504553 0.01330298063936326 -0.0009985988579990258 0.029474777657469604 0.9995650255397913 307188.0198027184 5065532.497766241 14.819591776177305
102000130 -0.4808167533459928 0.8764266235383359 -0.026298731053247894 -0.8768202214201161 -0.4806425236353807 0.013002452929796893 -0.0012445925428631842 0.02931105638841593 0.9995695638437565 307187.65656630934 5065531.888428158 14.823378036084744
102000131 -0.4805825603316485 0.8765555510977877 -0.02628247600077744 -0.8769492021428519 -0.48039067641596234 0.013597605437350673 -0.0007067998961525768 0.029583168394681954 0.9995620724005283 307187.29042165965 5065531.280002415 14.826899941178754
102000132 -0.4805520636052624 0.876595137532043 -0.025508410767878173 -0.8769661986630669 -0.4803479425968294 0.014005015010482399 2.38154279870572e-05 0.02910015288915215 0.9995765005914523 307186.92563224793 5065530.668936459 14.830118912872233
102000133 -0.4805119513735884 0.8766503390907203 -0.02434024566990325 -0.8769880668329333 -0.48031280153129297 0.013839917550151595 0.0004418368256568529 0.027996350785160048 0.9996079277011231 307186.56050650554 5065530.054859991 14.833226523084095
102000134 -0.4804260313227686 0.8767125512318533 -0.023789303058069318 -0.8770352197488273 -0.4802422108378297 0.013290682816149068 0.00022748094446105142 0.02724924663413749 0.9996286444526745 307186.1940958589 5065529.437887417 14.83741729199821
102000135 -0.480177944639621 0.8768530756435013 -0.023618323738185933 -0.8771710907944257 -0.4800080723244691 0.012772156351424611 -0.0001376814697555285 0.02685021858160337 0.999639458407847 307185.8258713258 5065528.819417153 14.841489322437113
102000136 -0.4799741070098508 0.8769792207900808 -0.023071690499808836 -0.877282568610755 -0.47981971146980856 0.012179462087687313 -0.0003891167074366493 0.026086218343262704 0.9996596209714264 307185.45764091855 5065528.199538107 14.84559799514668
102000137 -0.47999084330922237 0.8769562881497982 -0.02358938349830675 -0.8772729293554492 -0.47984759105503005 0.011768465439224884 -0.0009988790773339303 0.02634308321387764 0.9996524617122573 307185.0873966211 5065527.578478107 14.849804042144521
102000138 -0.4798354299176443 0.8770211676916624 -0.024327589615547207 -0.8773569859804558 -0.4797018299485828 0.011439995422699821 -0.0016368711128126653 0.02683329582317298 0.9996385821326756 307184.7146618189 5065526.956511437 14.852910560357193
102000139 -0.479757160563913 0.8770518343691531 -0.024761799558107915 -0.8773994454641982 -0.4796232989300992 0.01147624601194775 -0.0018110733750551344 0.027231800401604486 0.9996275051538537 307184.34240260767 5065526.332922528 14.856325424278202
102000140 -0.4796835566545058 0.8771020147483157 -0.024407810219864035 -0.877438805135248 -0.4795660946903938 0.010839929254048888 -0.002197434438628989 0.026616095653750785 0.9996433137544803 307183.97029022453 5065525.706844938 14.859770265878911
102000141 -0.4795648555639718 0.8771747561919316 -0.02412460170721846 -0.8775042066704826 -0.47944437232362686 0.010929827208620114 -0.0019790360061335607 0.02641100048897518 0.9996492097079144 307183.5973143997 5065525.079136591 14.862652715621023
102000142 -0.47926813637140137 0.8773381581584403 -0.02407923790818794 -0.8776660959729092 -0.4791510493920032 0.01079332415031977 -0.002068196981819398 0.02630642707965839 0.999651786601488 307183.2220157136 5065524.450728931 14.86534628590384
102000143 -0.4791106324276259 0.8774267882703818 -0.023984018018735516 -0.8777528852046536 -0.47898362727613913 0.011160524911438329 -0.001695408418815299 0.02639916716328899 0.9996500435469295 307182.84732874593 5065523.820455048 14.86870358632662
102000144 -0.4790784276927449 0.8774915556113237 -0.022190762723854354 -0.8777717269792004 -0.4789484227933616 0.011189442332096008 -0.0008095896487576391 0.0248390445583225 0.9996911355163804 307182.4743385647 5065523.188246613 14.871976585550732
102000145 -0.4789757664460948 0.8776011298524496 -0.019961764428027003 -0.8778280908732977 -0.4788581323526388 0.010617530479554452 -0.00024089648736854048 0.02260853735752681 0.9997443653291755 307182.10233544355 5065522.553433529 14.875758405364794
102000146 -0.4786986817179984 0.8778050418555422 -0.017489442942547947 -0.8779788950446977 -0.47858546295797194 0.010441000976698218 0.0007949701518279902 0.0203534551930073 0.9997925309203726 307181.7298166018 5065521.917277468 14.879239901845105
102000147 -0.47844908349954235 0.8779560216491267 -0.016724190518118406 -0.8781151727356928 -0.47835210872945383 0.009643831471424658 0.00046680811097155744 0.01929984777460935 0.999813631616445 307181.352571987 5065521.279551961 14.883492883150398
102000148 -0.4782353793116737 0.8780802260868176 -0.01631068759872209 -0.8782312137985891 -0.47817220643565916 0.007827905359053488 -0.0009257885700997889 0.01806813625631812 0.9998363292898227 307180.97518795537 5065520.638865346 14.888035934979406
102000149 -0.47819303277102004 0.8781157030499097 -0.015628034630661262 -0.8782519287334275 -0.4781609607376261 0.005970368705969349 -0.0022300415397284263 0.016580340274959724 0.9998600498225227 307180.5984382709 5065519.996507218 14.892572037349504
102000150 -0.47810377021225603 0.8781679928124431 -0.015419510646939607 -0.878296467849695 -0.47809586533367443 0.004433747127981605 -0.0034784294697528554 0.01566269295523359 0.9998712820047458 307180.2187861138 5065519.353553437 14.896259407456146
102000151 -0.47778696241280477 0.8783544415701341 -0.014597723191066928 -0.8784681052912882 -0.47778610328529275 0.0037719349662995397 -0.00366149344933432 0.014625815583190161 0.9998863330320338 307179.83980290155 5065518.71030431 14.89926034195978
102000152 -0.47765266583560473 0.8784429096276845 -0.013637644407588925 -0.8785430014487849 -0.47764820488147197 0.003793017119316783 -0.0031820473755364426 0.01379300178913616 0.9998998088189358 307179.46043156896 5065518.067303846 14.901642522686535
102000153 -0.4773912716588328 0.8786082861702632 -0.012043804088216814 -0.8786875184285713 -0.47738225476689516 0.003798393280641965 -0.0024121985410982113 0.012396060125221146 0.9999202563162577 307179.0806952735 5065517.422985186 14.903710608067852
102000154 -0.4772819576961853 0.8786835556391861 -0.010823211490773341 -0.8787488201697502 -0.4772669109038066 0.0040996105436829616 -0.0015633003450007338 0.011467554474045684 0.9999330234002756 307178.7011795064 5065516.77620348 14.905856923962867
102000155 -0.47759382214129886 0.8785295970904918 -0.009480932890993762 -0.8785805541960758 -0.47757318011248295 0.004479668041969103 -0.0005923183111746604 0.010469225055753354 0.9999450207315151 307178.31916893006 5065516.129628651 14.908804625104388
102000156 -0.4784518381088512 0.878069464908056 -0.008823457731629826 -0.8781135507328721 -0.47843505929376756 0.00406030268289479 -0.0006562237188741946 0.009690657080372193 0.9999528291553466 307177.93645281665 5065515.480034816 14.913234919486472
102000157 -0.47965632944931713 0.8774141165111512 -0.008618222912217541 -0.8774553291031405 -0.4796482204781325 0.0031192981038333295 -0.001396799093619182 0.009058296700666976 0.9999579972244711 307177.55056955427 5065514.829745709 14.917024339017098
102000158 -0.48116757116768766 0.876591482819726 -0.008070979153900662 -0.8766270580406667 -0.48116378878505633 0.0025316936970675415 -0.0016642017769382608 0.008293407618350016 0.9999642242713096 307177.1633040609 5065514.178480395 14.920195418987474
102000159 -0.4828221389948442 0.8756881813857313 -0.007279497083888066 -0.875715783504569 -0.4828244601141208 0.001551527146690357 -0.0021560652639747015 0.007123882148009868 0.9999723004592274 307176.77304222906 5065513.526610396 14.924564902325951
102000160 -0.48448642273211767 0.8747702773707294 -0.007061729035702419 -0.8747938437628565 -0.4844950223784465 0.0005515479274781779 -0.002938894833679831 0.0064447745691031035 0.999974913574291 307176.38020826696 5065512.871716832 14.928728188797091
102000161 -0.4860550228004544 0.8739038396045529 -0.006526402904359385 -0.8739201458705561 -0.48606906438962877 -0.0006657964982122607 -0.003754124669734682 0.005379941246068751 0.9999784811585464 307175.98561695305 5065512.217010642 14.931531836060007
102000162 -0.4877613212845858 0.8729623508631827 -0.005062354604370189 -0.8729637893292412 -0.48777766026909 -0.0026789293279451424 -0.004807907928291463 0.0031125741497327825 0.9999835978172419 307175.5911662203 5065511.559889701 14.934751845049423
102000163 -0.4894235158669879 0.8720389436365432 -0.003564112464260516 -0.872033879986672 -0.4894342475059989 -0.0033210726621013204 -0.004640503397971135 0.001482615762182591 0.9999881337189533 307175.19470172067 5065510.904628136 14.93729418835019
102000164 -0.4906068130643568 0.8713792893445313 -0.0017575768134469147 -0.8713715710849479 -0.49060988543074274 -0.003677692562394722 -0.004066949690528102 -0.00027279855823124843 0.9999916927160755 307174.7975760616 5065510.248105482 14.939606590441954
102000165 -0.4915646901576955 0.8708408860646647 -0.0005536680218626079 -0.8708349770085403 -0.4915635327385874 -0.0034257991906944726 -0.0032554890114951545 -0.0012018484386271246 0.999993978657685 307174.3974483544 5065509.592425162 14.942343995149932
102000166 -0.49216896641033286 0.870499162652301 0.0009572482579099787 -0.8704952598672152 -0.4921626568039363 -0.0037311923563633463 -0.0027768779760750442 -0.002669657156536269 0.9999925809121648 307173.99709395604 5065508.934846128 14.944370528210998
102000167 -0.4926612997035112 0.8702189496727322 0.001955352892371861 -0.8702146134524062 -0.4926476507971718 -0.0049818368005107505 -0.0033719887790749784 -0.004155934854448832 0.999985678846032 307173.59464229015 5065508.274647559 14.947387405328001
102000168 -0.4930952732504616 0.869970876415819 0.0027795118896127855 -0.8699652335427034 -0.4930716594297809 -0.006389921294659227 -0.0041885468891266105 -0.005568918697020642 0.9999757213150247 307173.1906033296 5065507.612999816 14.950987327476122
102000169 -0.4934783050956639 0.8697507536310828 0.0035761652750420075 -0.8697464228717328 -0.49344619410387836 -0.007212033431870893 -0.004508026368126345 -0.006669338989818805 0.9999675982829159 307172.7848173116 5065506.950120985 14.95452174644733
102000170 -0.49364704069469667 0.8696457821219776 0.005367760317178276 -0.8696538611684819 -0.49360555256195104 -0.007464598767672333 -0.0038420005361582605 -0.008352970577295766 0.9999577325639396 307172.37932231405 5065506.287235509 14.957189087475363
102000171 -0.4938296063721377 0.8695353719580013 0.006368420856077925 -0.8695542446110797 -0.49379041141123925 -0.0068150771950242685 -0.002781285529135284 -0.00890317427548685 0.999956498023102 307171.9717740355 5065505.623842778 14.958903580189185
102000172 -0.49391643384325085 0.8694851188464888 0.006494958358061874 -0.8695058474362957 -0.4938793667446782 -0.006538530260331066 -0.002477428839572667 -0.008876891819948943 0.9999575306671589 307171.56132603384 5065504.958668197 14.961666242893754
102000173 -0.49409045380297484 0.8693871052542753 0.006378454229816244 -0.8694051882045052 -0.4940484820444688 -0.007121524601176248 -0.0030400960279828903 -0.009064138522091435 0.9999542985601857 307171.1502236973 5065504.290351244 14.965305336408296
102000174 -0.49429040112132316 0.8692761517007983 0.0059976198256044225 -0.8692890858182274 -0.49424508150213275 -0.007634440926558364 -0.003672143329501066 -0.008987296323210523 0.9999528708235038 307170.73705902306 5065503.621102317 14.96852628080722
102000175 -0.49450923506570893 0.8691513968904069 0.006038685136825241 -0.8691654067148732 -0.49446551689722 -0.007439648495319869 -0.0034802593145210263 -0.008927591109550152 0.9999540919022654 307170.322630628 5065502.951636549 14.972705576373418
102000176 -0.4947758810719983 0.8690019238761759 0.005699456898090097 -0.8690165462217017 -0.49474285707982146 -0.006304582571485553 -0.0026589287942927614 -0.008072277745515636 0.9999638835626348 307169.9063742953 5065502.282215765 14.97638385431295
102000177 -0.49502108656375216 0.8688578656890051 0.006335068080867945 -0.8688796465221982 -0.4949944991730357 -0.00534842480508996 -0.001511197109032282 -0.008151994773218756 0.9999656300416107 307169.49118929607 5065501.611738279 14.979034468300167
102000178 -0.4955149906559565 0.8685680724724366 0.007375467222041417 -0.8685991319709366 -0.49549048264917894 -0.004972880796789087 -0.0006648116746897914 -0.008870461408499399 0.9999604356872513 307169.0758971952 5065500.938853124 14.983823368506576
102000179 -0.4964470218678451 0.8680314612836522 0.00785727053846574 -0.8680668760858226 -0.49642135539193105 -0.005073120680531073 -0.0005031114672034544 -0.009339171944312951 0.9999562624166349 307168.6578988901 5065500.264544408 14.988997690817111
102000180 -0.49772320427547057 0.867295087743128 0.008416810702291853 -0.8673356696729051 -0.4976921306727612 -0.005601712190077375 -0.0006693570135119743 -0.010088302287656652 0.9999488877528399 307168.2380704127 5065499.58861073 14.994325342914074
102000181 -0.49918540180017085 0.8664511812460368 0.008734136874914982 -0.8664945490586636 -0.4991472938891927 -0.00625902985447937 -0.0010635230252962354 -0.010692498325633652 0.9999422680326757 307167.816124932 5065498.911997205 14.999974645996998
102000182 -0.5005472880909809 0.8656677292548636 0.008473187799922104 -0.8657077181315598 -0.5005043712658185 -0.006746933470526455 -0.0015997350444470573 -0.010712463327173023 0.9999413402681439 307167.39113428793 5065498.23502058 15.004770902616425
102000183 -0.5021021090138054 0.8647730573939364 0.007812255079824503 -0.8648041385391306 -0.5020510075540799 -0.0076542654464906434 -0.0026970519981711063 -0.010599293347990025 0.9999401886568229 307166.9633838821 5065497.556044214 15.009461826652297
102000184 -0.5039447112225836 0.8637019759970699 0.0076566761420232615 -0.8637293002731499 -0.5038863638363036 -0.008380226099765242 -0.003379923141393181 -0.010836466148394026 0.9999355714849698 307166.5333436323 5065496.878234485 15.013687202018604
102000185 -0.505874662153767 0.8625794261309545 0.006896361823844234 -0.862599331496142 -0.5058203036356645 -0.008259160510185546 -0.003635862101480994 -0.0101268971317674 0.9999421115550948 307166.1004735649 5065496.19968999 15.017922736802296
102000186 -0.5076710200117754 0.8615272099392591 0.0064032784165164135 -0.8615445131201175 -0.5076243187576238 -0.007655254305254314 -0.0033447500389817107 -0.009403060147328182 0.9999501963133177 307165.6636557002 5065495.522051599 15.021303614954698
102000187 -0.5095588623740082 0.8604141006375029 0.0061107446570287955 -0.8604310475142031 -0.5095195933943628 -0.006942364212165199 -0.002859763926922019 -0.008795417636476033 0.9999572302748163 307165.2262013754 5065494.843335038 15.02402575847703
